    1   3   2
    2   4   3
    3   5   4
    4   6   5
    5   1   2
    6   1   6
    7   8   7
    8   9   8
    9   10   9
    10   4   7
    11   3   10
    12   12   11
    13   13   12
    14   14   13
    15   9   11
    16   8   14
    17   16   15
    18   17   16
    19   18   17
    20   14   15
    21   13   18
    22   20   19
    23   21   20
    24   22   21
    25   17   19
    26   16   22
    27   24   23
    28   25   24
    29   26   25
    30   20   23
    31   19   26
    32   28   27
    33   29   28
    34   30   29
    35   22   27
    36   21   30
    37   32   31
    38   33   32
    39   34   33
    40   29   31
    41   28   34
    42   36   35
    43   37   36
    44   38   37
    45   33   35
    46   32   38
    47   40   39
    48   41   40
    49   42   41
    50   38   39
    51   37   42
    52   44   43
    53   45   44
    54   46   45
    55   42   43
    56   41   46
    57   48   47
    58   49   48
    59   40   49
    60   46   47
    61   51   50
    62   52   51
    63   53   52
    64   49   50
    65   48   53
    66   6   54
    67   54   55
    68   1   56
    69   5   57
    70   2   58
    71   11   59
    72   12   60
    73   18   61
    74   25   62
    75   24   63
    76   30   64
    77   27   65
    78   34   66
    79   31   67
    80   53   68
    81   52   69
    82   7   70
    83   7   71
    84   10   72
    85   10   73
    86   15   74
    87   23   75
    88   23   76
    89   24   77
    90   25   78
    91   26   79
    92   26   80
    93   35   81
    94   35   82
    95   36   83
    96   36   84
    97   43   85
    98   43   86
    99   44   87
    100   44   88
    101   45   89
    102   45   90
    103   46   91
    104   47   92
    105   47   93
    106   50   94
    107   51   95
    108   54   96
    109   54   97
    110   55   98
    111   55   99
    112   55   100
    113   56   101
    114   56   102
    115   56   103
    116   57   104
    117   57   105
    118   57   106
    119   58   107
    120   58   108
    121   58   109
    122   59   110
    123   59   111
    124   59   112
    125   60   113
    126   60   114
    127   60   115
    128   61   116
    129   62   117
    130   62   118
    131   62   119
    132   63   120
    133   63   121
    134   63   122
    135   64   123
    136   65   124
    137   68   125
    138   68   126
    139   68   127
    140   69   128
    141   69   129
    142   69   130
    143   133   132
    144   134   133
    145   135   134
    146   131   132
    147   131   135
    148   137   136
    149   138   137
    150   139   138
    151   134   136
    152   133   139
    153   141   140
    154   142   141
    155   143   142
    156   138   140
    157   137   143
    158   145   144
    159   146   145
    160   147   146
    161   142   144
    162   141   147
    163   149   148
    164   150   149
    165   151   150
    166   146   148
    167   145   151
    168   153   152
    169   154   153
    170   155   154
    171   150   152
    172   149   155
    173   157   156
    174   158   157
    175   154   156
    176   153   158
    177   160   159
    178   161   160
    179   162   161
    180   157   159
    181   156   162
    182   164   163
    183   165   164
    184   166   165
    185   161   163
    186   160   166
    187   168   167
    188   169   168
    189   170   169
    190   165   167
    191   164   170
    192   168   171
    193   171   172
    194   172   173
    195   173   174
    196   174   175
    197   169   175
    198   177   176
    199   178   177
    200   179   178
    201   174   176
    202   175   179
    203   181   180
    204   182   181
    205   176   182
    206   173   180
    207   184   183
    208   185   184
    209   186   185
    210   182   183
    211   181   186
    212   188   187
    213   189   188
    214   190   189
    215   185   187
    216   184   190
    217   192   191
    218   193   192
    219   194   193
    220   190   191
    221   189   194
    222   196   195
    223   197   196
    224   198   197
    225   193   195
    226   192   198
    227   200   199
    228   201   200
    229   202   201
    230   198   199
    231   197   202
    232   204   203
    233   205   204
    234   206   205
    235   188   203
    236   187   206
    237   208   207
    238   209   208
    239   210   209
    240   205   207
    241   204   210
    242   212   211
    243   213   212
    244   214   213
    245   210   211
    246   209   214
    247   136   215
    248   151   216
    249   170   217
    250   171   218
    251   172   219
    252   208   220
    253   214   221
    254   201   222
    255   225   224
    256   226   225
    257   227   226
    258   228   227
    259   223   224
    260   223   228
    261   230   229
    262   231   230
    263   232   231
    264   227   229
    265   226   232
    266   234   233
    267   235   234
    268   236   235
    269   231   233
    270   230   236
    271   238   237
    272   239   238
    273   240   239
    274   235   237
    275   234   240
    276   228   241
    277   225   242
    278   229   243
    279   232   244
    280   233   245
    281   233   246
    282   236   247
    283   236   248
    284   237   249
    285   237   250
    286   238   251
    287   238   252
    288   239   253
    289   239   254
    290   240   255
    291   240   256
    292   241   257
    293   242   258
    294   170   224
    295   167   223
    296   131   259
    297   131   260
    298   132   261
    299   132   262
    300   135   263
    301   135   264
    302   139   265
    303   140   266
    304   143   267
    305   144   268
    306   147   269
    307   152   270
    308   158   271
    309   158   272
    310   159   273
    311   162   274
    312   163   275
    313   166   276
    314   167   277
    315   177   278
    316   177   279
    317   178   280
    318   178   281
    319   179   282
    320   179   283
    321   180   284
    322   183   285
    323   183   286
    324   186   287
    325   186   288
    326   191   289
    327   191   290
    328   194   291
    329   194   292
    330   195   293
    331   199   294
    332   200   295
    333   202   296
    334   203   297
    335   203   298
    336   206   299
    337   206   300
    338   207   301
    339   211   302
    340   211   303
    341   212   304
    342   212   305
    343   213   306
    344   213   307
    345   215   308
    346   216   309
    347   217   310
    348   217   311
    349   217   312
    350   218   313
    351   220   314
    352   222   315
    353   222   316
    354   222   317
    355   148   318
    356   321   320
    357   322   321
    358   323   322
    359   324   323
    360   319   320
    361   319   324
    362   326   325
    363   327   326
    364   328   327
    365   322   325
    366   321   328
    367   330   329
    368   331   330
    369   332   331
    370   326   329
    371   325   332
    372   334   333
    373   335   334
    374   336   335
    375   331   333
    376   330   336
    377   338   337
    378   339   338
    379   340   339
    380   335   337
    381   334   340
    382   342   341
    383   343   342
    384   333   343
    385   340   341
    386   345   344
    387   346   345
    388   347   346
    389   339   344
    390   338   347
    391   349   348
    392   350   349
    393   336   348
    394   337   350
    395   352   351
    396   353   352
    397   354   353
    398   349   351
    399   348   354
    400   356   355
    401   357   356
    402   358   357
    403   352   355
    404   351   358
    405   360   359
    406   361   360
    407   362   361
    408   358   359
    409   357   362
    410   364   363
    411   350   364
    412   347   363
    413   366   365
    414   367   366
    415   363   367
    416   346   365
    417   369   368
    418   370   369
    419   371   370
    420   366   368
    421   365   371
    422   373   372
    423   374   373
    424   375   374
    425   370   372
    426   369   375
    427   377   376
    428   378   377
    429   379   378
    430   374   376
    431   373   379
    432   381   380
    433   345   381
    434   371   380
    435   383   382
    436   380   383
    437   372   382
    438   385   384
    439   382   385
    440   379   384
    441   387   386
    442   388   387
    443   384   388
    444   378   386
    445   390   389
    446   391   390
    447   392   391
    448   377   389
    449   376   392
    450   394   393
    451   395   394
    452   396   395
    453   391   393
    454   390   396
    455   398   397
    456   399   398
    457   400   399
    458   396   397
    459   395   400
    460   402   401
    461   403   402
    462   385   403
    463   383   401
    464   405   404
    465   406   405
    466   407   406
    467   402   404
    468   401   407
    469   409   408
    470   410   409
    471   411   410
    472   406   408
    473   405   411
    474   413   412
    475   403   413
    476   388   412
    477   415   414
    478   416   415
    479   412   416
    480   387   414
    481   418   417
    482   419   418
    483   386   419
    484   414   417
    485   421   420
    486   422   421
    487   415   420
    488   417   422
    489   424   423
    490   425   424
    491   418   423
    492   422   425
    493   427   426
    494   428   427
    495   429   428
    496   424   426
    497   423   429
    498   431   430
    499   432   431
    500   421   432
    501   425   430
    502   426   433
    503   430   434
    504   433   434
    505   360   435
    506   435   436
    507   435   437
    508   392   438
    509   440   439
    510   441   440
    511   442   441
    512   432   439
    513   431   442
    514   444   443
    515   445   444
    516   446   445
    517   442   443
    518   441   446
    519   448   447
    520   449   448
    521   450   449
    522   445   447
    523   444   450
    524   452   451
    525   453   452
    526   443   453
    527   450   451
    528   455   454
    529   456   455
    530   449   456
    531   451   454
    532   458   457
    533   452   458
    534   434   453
    535   433   457
    536   460   459
    537   458   460
    538   454   459
    539   462   461
    540   463   462
    541   464   463
    542   460   461
    543   459   464
    544   464   465
    545   319   466
    546   319   467
    547   320   468
    548   320   469
    549   321   470
    550   322   471
    551   323   472
    552   323   473
    553   325   474
    554   326   475
    555   327   476
    556   327   477
    557   328   478
    558   328   479
    559   330   480
    560   331   481
    561   332   482
    562   332   483
    563   336   484
    564   341   485
    565   341   486
    566   342   487
    567   342   488
    568   343   489
    569   353   491
    570   353   492
    571   354   493
    572   355   494
    573   355   495
    574   356   496
    575   356   497
    576   359   498
    577   359   499
    578   360   500
    579   361   501
    580   361   502
    581   362   503
    582   362   504
    583   364   505
    584   368   506
    585   375   507
    586   381   508
    587   390   509
    588   391   510
    589   392   511
    590   393   512
    591   393   513
    592   394   514
    593   394   515
    594   395   516
    595   396   517
    596   397   518
    597   397   519
    598   398   520
    599   398   521
    600   399   522
    601   399   523
    602   400   524
    603   405   525
    604   406   526
    605   408   527
    606   408   528
    607   409   529
    608   409   530
    609   410   531
    610   410   532
    611   411   533
    612   411   534
    613   413   535
    614   416   536
    615   419   537
    616   423   538
    617   424   539
    618   426   540
    619   427   541
    620   427   542
    621   428   543
    622   428   544
    623   429   545
    624   429   546
    625   435   547
    626   436   548
    627   436   549
    628   436   550
    629   437   551
    630   437   552
    631   437   553
    632   438   554
    633   439   555
    634   440   556
    635   446   557
    636   447   558
    637   448   559
    638   455   560
    639   456   561
    640   457   562
    641   461   563
    642   461   564
    643   462   565
    644   462   566
    645   463   567
    646   463   568
    647   349   490
        648  569  570
        649  569  571
        650  569  572
        651  569  573
