1 272 2 3
2 272 3 4
3 272 4 5
4 272 5 6
5 272 1 2
6 272 1 6
7 127 7 8
8 272 8 9
9 127 9 10
10 127 4 7
11 127 3 10
12 272 11 12
13 272 12 13
14 272 13 14
15 272 9 11
16 272 8 14
17 272 15 16
18 272 16 17
19 272 17 18
20 272 14 15
21 272 13 18
22 272 19 20
23 272 20 21
24 272 21 22
25 272 17 19
26 272 16 22
27 113 23 24
28 113 24 25
29 113 25 26
30 127 20 23
31 127 19 26
32 272 27 28
33 272 28 29
34 272 29 30
35 272 22 27
36 272 21 30
37 47 31 32
38 272 32 33
39 47 33 34
40 47 29 31
41 47 28 34
42 113 35 36
43 127 36 37
44 272 37 38
45 127 33 35
46 272 32 38
47 277 39 40
48 272 40 41
49 272 41 42
50 277 38 39
51 272 37 42
52 113 43 44
53 113 44 45
54 113 45 46
55 127 42 43
56 127 41 46
57 127 47 48
58 272 48 49
59 272 40 49
60 113 46 47
61 272 50 51
62 272 51 52
63 272 52 53
64 272 49 50
65 272 48 53
66 127 6 54
67 113 54 55
68 127 1 56
69 127 5 57
70 127 2 58
71 127 11 59
72 127 12 60
73 71 18 61
74 113 25 62
75 113 24 63
76 71 30 64
77 71 27 65
78 34 34 66
79 34 31 67
80 127 53 68
81 127 52 69
82 113 7 70
83 113 7 71
84 113 10 72
85 113 10 73
86 273 15 74
87 125 23 75
88 125 23 76
89 125 24 77
90 125 25 78
91 125 26 79
92 125 26 80
93 125 35 81
94 125 35 82
95 125 36 83
96 125 36 84
97 125 43 85
98 125 43 86
99 125 44 87
100 125 44 88
101 125 45 89
102 125 45 90
103 125 46 91
104 125 47 92
105 125 47 93
106 273 50 94
107 273 51 95
108 125 54 96
109 125 54 97
110 125 55 98
111 125 55 99
112 125 55 100
113 125 56 101
114 125 56 102
115 125 56 103
116 125 57 104
117 125 57 105
118 125 57 106
119 125 58 107
120 125 58 108
121 125 58 109
122 125 59 110
123 125 59 111
124 125 59 112
125 125 60 113
126 125 60 114
127 125 60 115
128 63 61 116
129 125 62 117
130 125 62 118
131 125 62 119
132 125 63 120
133 125 63 121
134 125 63 122
135 63 64 123
136 63 65 124
137 125 68 125
138 125 68 126
139 125 68 127
140 125 69 128
141 125 69 129
142 125 69 130
143 127 132 133
144 272 133 134
145 127 134 135
146 113 131 132
147 113 131 135
148 272 136 137
149 272 137 138
150 272 138 139
151 272 134 136
152 272 133 139
153 272 140 141
154 272 141 142
155 272 142 143
156 272 138 140
157 272 137 143
158 272 144 145
159 272 145 146
160 272 146 147
161 272 142 144
162 272 141 147
163 272 148 149
164 272 149 150
165 272 150 151
166 272 146 148
167 272 145 151
168 272 152 153
169 272 153 154
170 277 154 155
171 272 150 152
172 277 149 155
173 272 156 157
174 127 157 158
175 272 154 156
176 127 153 158
177 272 159 160
178 272 160 161
179 272 161 162
180 272 157 159
181 272 156 162
182 272 163 164
183 272 164 165
184 272 165 166
185 272 161 163
186 272 160 166
187 126 167 168
188 261 168 169
189 126 169 170
190 127 165 167
191 127 164 170
192 261 168 171
193 46 171 172
194 47 172 173
195 272 173 174
196 262 174 175
197 261 169 175
198 127 176 177
199 113 177 178
200 113 178 179
201 272 174 176
202 126 175 179
203 272 180 181
204 272 181 182
205 272 176 182
206 272 173 180
207 127 183 184
208 272 184 185
209 127 185 186
210 127 182 183
211 127 181 186
212 272 187 188
213 272 188 189
214 272 189 190
215 272 185 187
216 272 184 190
217 127 191 192
218 272 192 193
219 127 193 194
220 127 190 191
221 127 189 194
222 277 195 196
223 277 196 197
224 272 197 198
225 272 193 195
226 272 192 198
227 272 199 200
228 272 200 201
229 272 201 202
230 272 198 199
231 272 197 202
232 127 203 204
233 272 204 205
234 127 205 206
235 127 188 203
236 127 187 206
237 272 207 208
238 272 208 209
239 272 209 210
240 272 205 207
241 272 204 210
242 113 211 212
243 113 212 213
244 39 213 214
245 127 210 211
246 47 209 214
247 71 136 215
248 71 151 216
249 113 170 217
250 70 171 218
251 34 172 219
252 71 208 220
253 34 214 221
254 127 201 222
255 272 224 225
256 272 225 226
257 272 226 227
258 272 227 228
259 272 223 224
260 272 223 228
261 47 229 230
262 272 230 231
263 47 231 232
264 47 227 229
265 47 226 232
266 126 233 234
267 261 234 235
268 126 235 236
269 127 231 233
270 127 230 236
271 113 237 238
272 113 238 239
273 113 239 240
274 126 235 237
275 126 234 240
276 71 228 241
277 71 225 242
278 34 229 243
279 34 232 244
280 125 233 245
281 125 233 246
282 125 236 247
283 125 236 248
284 125 237 249
285 125 237 250
286 125 238 251
287 125 238 252
288 125 239 253
289 125 239 254
290 125 240 255
291 125 240 256
292 63 241 257
293 63 242 258
294 127 170 224
295 127 167 223
296 125 131 259
297 125 131 260
298 125 132 261
299 125 132 262
300 125 135 263
301 125 135 264
302 273 139 265
303 273 140 266
304 273 143 267
305 273 144 268
306 273 147 269
307 273 152 270
308 125 158 271
309 125 158 272
310 273 159 273
311 273 162 274
312 273 163 275
313 273 166 276
314 125 167 277
315 125 177 278
316 125 177 279
317 125 178 280
318 125 178 281
319 125 179 282
320 125 179 283
321 273 180 284
322 125 183 285
323 125 183 286
324 125 186 287
325 125 186 288
326 125 191 289
327 125 191 290
328 125 194 291
329 125 194 292
330 273 195 293
331 273 199 294
332 273 200 295
333 273 202 296
334 125 203 297
335 125 203 298
336 125 206 299
337 125 206 300
338 273 207 301
339 125 211 302
340 125 211 303
341 125 212 304
342 125 212 305
343 125 213 306
344 125 213 307
345 63 215 308
346 63 216 309
347 125 217 310
348 125 217 311
349 125 217 312
350 63 218 313
351 63 220 314
352 125 222 315
353 125 222 316
354 125 222 317
355 273 148 318
356 113 320 321
357 113 321 322
358 113 322 323
359 119 323 324
360 113 319 320
361 119 319 324
362 113 325 326
363 113 326 327
364 113 327 328
365 113 322 325
366 113 321 328
367 119 329 330
368 113 330 331
369 113 331 332
370 119 326 329
371 113 325 332
372 262 333 334
373 272 334 335
374 127 335 336
375 126 331 333
376 113 330 336
377 272 337 338
378 272 338 339
379 272 339 340
380 272 335 337
381 272 334 340
382 113 341 342
383 126 342 343
384 261 333 343
385 127 340 341
386 188 344 345
387 272 345 346
388 272 346 347
389 188 339 344
390 272 338 347
391 126 348 349
392 127 349 350
393 126 336 348
394 272 337 350
395 261 351 352
396 126 352 353
397 126 353 354
398 126 349 351
399 261 348 354
400 113 355 356
401 126 356 357
402 261 357 358
403 126 352 355
404 261 351 358
405 113 359 360
406 113 360 361
407 113 361 362
408 126 358 359
409 126 357 362
410 272 363 364
411 272 350 364
412 272 347 363
413 272 365 366
414 162 366 367
415 162 363 367
416 272 346 365
417 272 368 369
418 272 369 370
419 272 370 371
420 272 366 368
421 272 365 371
422 272 372 373
423 272 373 374
424 272 374 375
425 272 370 372
426 272 369 375
427 272 376 377
428 272 377 378
429 272 378 379
430 272 374 376
431 272 373 379
432 272 380 381
433 272 345 381
434 272 371 380
435 272 382 383
436 272 380 383
437 272 372 382
438 272 384 385
439 272 382 385
440 272 379 384
441 272 386 387
442 272 387 388
443 272 384 388
444 272 378 386
445 119 389 390
446 113 390 391
447 113 391 392
448 188 377 389
449 127 376 392
450 113 393 394
451 113 394 395
452 113 395 396
453 113 391 393
454 113 390 396
455 113 397 398
456 113 398 399
457 124 399 400
458 113 396 397
459 124 395 400
460 272 401 402
461 272 402 403
462 272 385 403
463 272 383 401
464 119 404 405
465 113 405 406
466 119 406 407
467 188 402 404
468 188 401 407
469 113 408 409
470 113 409 410
471 113 410 411
472 113 406 408
473 113 405 411
474 272 412 413
475 272 403 413
476 272 388 412
477 272 414 415
478 272 415 416
479 272 412 416
480 272 387 414
481 272 417 418
482 272 418 419
483 272 386 419
484 272 414 417
485 188 420 421
486 272 421 422
487 188 415 420
488 272 417 422
489 113 423 424
490 127 424 425
491 127 418 423
492 272 422 425
493 113 426 427
494 113 427 428
495 113 428 429
496 113 424 426
497 113 423 429
498 272 430 431
499 272 431 432
500 272 421 432
501 272 425 430
502 127 426 433
503 272 430 434
504 272 433 434
505 113 360 435
506 113 435 436
507 113 435 437
508 65 392 438
509 272 439 440
510 272 440 441
511 272 441 442
512 272 432 439
513 272 431 442
514 272 443 444
515 272 444 445
516 272 445 446
517 272 442 443
518 272 441 446
519 272 447 448
520 272 448 449
521 272 449 450
522 272 445 447
523 272 444 450
524 272 451 452
525 272 452 453
526 272 443 453
527 272 450 451
528 272 454 455
529 272 455 456
530 272 449 456
531 272 451 454
532 272 457 458
533 272 452 458
534 272 434 453
535 272 433 457
536 272 459 460
537 272 458 460
538 272 454 459
539 113 461 462
540 113 462 463
541 39 463 464
542 127 460 461
543 47 459 464
544 34 464 465
545 125 319 466
546 125 319 467
547 125 320 468
548 125 320 469
549 125 321 470
550 125 322 471
551 125 323 472
552 125 323 473
553 125 325 474
554 125 326 475
555 125 327 476
556 125 327 477
557 125 328 478
558 125 328 479
559 125 330 480
560 125 331 481
561 125 332 482
562 125 332 483
563 125 336 484
564 125 341 485
565 125 341 486
566 125 342 487
567 125 342 488
568 253 343 489
569 125 353 491
570 125 353 492
571 253 354 493
572 125 355 494
573 125 355 495
574 125 356 496
575 125 356 497
576 125 359 498
577 125 359 499
578 125 360 500
579 125 361 501
580 125 361 502
581 125 362 503
582 125 362 504
583 273 364 505
584 273 368 506
585 273 375 507
586 273 381 508
587 125 390 509
588 125 391 510
589 125 392 511
590 125 393 512
591 125 393 513
592 125 394 514
593 125 394 515
594 125 395 516
595 125 396 517
596 125 397 518
597 125 397 519
598 125 398 520
599 125 398 521
600 125 399 522
601 125 399 523
602 241 400 524
603 125 405 525
604 125 406 526
605 125 408 527
606 125 408 528
607 125 409 529
608 125 409 530
609 125 410 531
610 125 410 532
611 125 411 533
612 125 411 534
613 273 413 535
614 273 416 536
615 273 419 537
616 125 423 538
617 125 424 539
618 125 426 540
619 125 427 541
620 125 427 542
621 125 428 543
622 125 428 544
623 125 429 545
624 125 429 546
625 125 435 547
626 125 436 548
627 125 436 549
628 125 436 550
629 125 437 551
630 125 437 552
631 125 437 553
632 63 438 554
633 273 439 555
634 273 440 556
635 273 446 557
636 273 447 558
637 273 448 559
638 273 455 560
639 273 456 561
640 273 457 562
641 125 461 563
642 125 461 564
643 125 462 565
644 125 462 566
645 125 463 567
646 125 463 568
647 125 349 490
648 125 569 570
649 125 569 571
650 125 569 572
651 125 569 573
