1 1 90 0.0 -8.96237 -3.16977 -0.319371
2 1 90 0.0 -8.27772 -4.2805 0.207517
3 1 92 0.0 -6.88732 -4.2073 0.42256
4 1 92 0.0 -6.19924 -3.02805 0.128267
5 1 90 0.0 -6.88662 -1.8936 -0.348189
6 1 90 0.0 -8.27694 -1.95701 -0.551957
7 1 81 0.0 -4.71413 -2.92611 0.316943
8 1 92 0.0 -3.98899 -4.18438 0.694489
9 1 92 0.0 -4.65646 -5.34778 1.00599
10 1 81 0.0 -6.16141 -5.40991 0.973411
11 1 90 0.0 -3.92622 -6.54015 1.33455
12 1 90 0.0 -2.53577 -6.56654 1.29549
13 1 92 0.0 -1.82306 -5.34565 1.03367
14 1 92 0.0 -2.56092 -4.14825 0.728009
15 1 90 0.0 -1.89553 -2.93105 0.517079
16 1 92 0.0 -0.506398 -2.83577 0.453081
17 1 92 0.0 0.253003 -4.05695 0.5866
18 1 108 0.0 -0.413049 -5.21178 1.06756
19 1 90 0.0 1.62358 -4.05528 0.165753
20 1 90 0.0 2.28177 -2.86169 -0.0985547
21 1 92 0.0 1.62413 -1.60598 0.130681
22 1 92 0.0 0.210682 -1.58214 0.315731
23 1 81 0.0 3.61319 -2.99714 -0.800271
24 1 82 0.0 3.42413 -3.90066 -2.0353
25 1 82 0.0 2.99808 -5.32627 -1.59833
26 1 81 0.0 2.39115 -5.31335 -0.168561
27 1 108 0.0 -0.44695 -0.299936 0.400172
28 1 92 0.0 0.297702 0.903183 0.358248
29 1 92 0.0 1.70793 0.87642 0.254665
30 1 108 0.0 2.3708 -0.366258 0.171895
31 1 173 0.0 2.48988 2.09731 0.231399
32 1 90 0.0 1.77295 3.38682 0.314222
33 1 90 0.0 0.394624 3.38984 0.399458
34 1 173 0.0 -0.387322 2.16326 0.443608
35 1 81 0.0 -0.35112 4.6893 0.490516
36 1 81 0.0 0.320531 5.75197 -0.374793
37 1 90 0.0 1.78367 5.859 -0.0369721
38 1 90 0.0 2.49108 4.67954 0.302966
39 1 461 0.0 3.79899 4.68389 0.596806
40 1 90 0.0 4.47709 5.83401 0.520685
41 1 90 0.0 3.86169 7.06256 0.198742
42 1 90 0.0 2.48548 7.07524 -0.0698515
43 1 81 0.0 1.77902 8.3681 -0.4169
44 1 81 0.0 2.59557 9.62297 -0.0892574
45 1 81 0.0 4.04205 9.46173 -0.55416
46 1 82 0.0 4.71042 8.31282 0.200085
47 1 81 0.0 6.11117 8.01428 -0.33762
48 1 90 0.0 6.75726 6.84115 0.356861
49 1 90 0.0 5.92814 5.78055 0.777965
50 1 90 0.0 6.50071 4.65418 1.38404
51 1 90 0.0 7.87577 4.59771 1.57417
52 1 90 0.0 8.71841 5.63913 1.15419
53 1 90 0.0 8.15244 6.76868 0.525876
54 1 81 0.0 -9.03665 -0.744239 -1.04705
55 1 80 0.0 -8.9785 -0.606235 -2.57659
56 1 80 0.0 -10.4381 -3.28317 -0.638601
57 1 80 0.0 -6.08387 -0.647569 -0.639598
58 1 80 0.0 -9.02979 -5.55036 0.537049
59 1 80 0.0 -4.70399 -7.78886 1.68606
60 1 80 0.0 -1.8087 -7.88706 1.42015
61 1 109 0.0 0.313387 -6.23099 1.64167
62 1 80 0.0 4.12893 -6.35977 -1.61617
63 1 80 0.0 4.65644 -3.85577 -2.94194
64 1 109 0.0 3.69759 -0.389193 0.166661
65 1 109 0.0 -1.76822 -0.203437 0.521021
66 1 223 0.0 -1.66344 2.22552 0.567954
67 1 223 0.0 3.75513 2.03075 0.121255
68 1 80 0.0 9.02439 7.89423 0.0192485
69 1 80 0.0 10.2058 5.51829 1.37507
70 1 80 0.0 -4.26332 -2.53086 -0.610149
71 1 80 0.0 -4.49509 -2.14255 1.06834
72 1 80 0.0 -6.52927 -5.60622 1.99972
73 1 80 0.0 -6.46339 -6.30582 0.404756
74 1 91 0.0 -2.47598 -2.02898 0.412798
75 1 85 0.0 4.01085 -2.03049 -1.11008
76 1 85 0.0 4.36773 -3.44932 -0.130099
77 1 85 0.0 2.58262 -3.46625 -2.59966
78 1 85 0.0 2.21058 -5.67203 -2.28639
79 1 85 0.0 3.23805 -5.40463 0.539051
80 1 85 0.0 1.78237 -6.2166 -0.0650828
81 1 85 0.0 -1.40001 4.53271 0.208724
82 1 85 0.0 -0.351697 5.01864 1.54663
83 1 85 0.0 -0.192448 6.71358 -0.249716
84 1 85 0.0 0.21277 5.47512 -1.4407
85 1 85 0.0 1.53795 8.35613 -1.4952
86 1 85 0.0 0.809705 8.41392 0.10327
87 1 85 0.0 2.5887 9.78949 1.00093
88 1 85 0.0 2.1236 10.5027 -0.55236
89 1 85 0.0 4.61549 10.3897 -0.401075
90 1 85 0.0 4.06186 9.24026 -1.63588
91 1 85 0.0 4.82719 8.62127 1.25865
92 1 85 0.0 6.03636 7.80303 -1.42217
93 1 85 0.0 6.72623 8.91967 -0.240611
94 1 91 0.0 5.84946 3.83155 1.67932
95 1 91 0.0 8.32103 3.72158 2.05068
96 1 85 0.0 -8.63317 0.166565 -0.580624
97 1 85 0.0 -10.0853 -0.797762 -0.723802
98 1 85 0.0 -9.38533 -1.50751 -3.06016
99 1 85 0.0 -7.93767 -0.493506 -2.91485
100 1 85 0.0 -9.55412 0.265351 -2.9251
101 1 85 0.0 -10.7157 -4.31407 -0.89262
102 1 85 0.0 -10.7169 -2.65096 -1.49162
103 1 85 0.0 -11.0667 -2.97565 0.21548
104 1 85 0.0 -5.32173 -0.84679 -1.41105
105 1 85 0.0 -5.53157 -0.309191 0.252483
106 1 85 0.0 -6.69755 0.186455 -0.99505
107 1 85 0.0 -8.51493 -6.14437 1.30241
108 1 85 0.0 -9.14529 -6.196 -0.3516
109 1 85 0.0 -10.0393 -5.3341 0.911812
110 1 85 0.0 -4.15623 -8.41987 2.39727
111 1 85 0.0 -4.91507 -8.40317 0.792945
112 1 85 0.0 -5.67116 -7.54444 2.14213
113 1 85 0.0 -0.969176 -7.93572 0.716668
114 1 85 0.0 -2.47764 -8.72709 1.20157
115 1 85 0.0 -1.38399 -8.03662 2.42523
116 1 110 0.0 1.20569 -5.89767 1.82711
117 1 85 0.0 4.52558 -6.51949 -2.62826
118 1 85 0.0 3.76768 -7.32702 -1.23406
119 1 85 0.0 4.96168 -6.03563 -0.971627
120 1 85 0.0 4.84524 -2.8245 -3.27523
121 1 85 0.0 4.52116 -4.48386 -3.83547
122 1 85 0.0 5.55475 -4.20916 -2.414
123 1 110 0.0 3.96265 0.647719 0.147403
124 1 110 0.0 -1.95955 0.842695 0.562916
125 1 85 0.0 8.76887 8.15948 -1.01799
126 1 85 0.0 10.0887 7.63399 0.0474482
127 1 85 0.0 8.88931 8.80782 0.623157
128 1 85 0.0 10.7576 5.51968 0.420724
129 1 85 0.0 10.4448 4.58422 1.9013
130 1 85 0.0 10.597 6.3581 1.97137
131 2 81 0.0 -20.4265 6.53348 0.151134
132 2 81 0.0 -19.5898 5.38833 -0.464615
133 2 90 0.0 -18.1666 5.86706 -0.292128
134 2 90 0.0 -18.1774 7.28696 -0.105896
135 2 81 0.0 -19.5931 7.81111 -0.119676
136 2 108 0.0 -17.0056 7.97904 0.0605459
137 2 92 0.0 -15.7473 7.28337 0.059899
138 2 92 0.0 -15.7528 5.83586 -0.126632
139 2 90 0.0 -16.9995 5.15315 -0.302492
140 2 90 0.0 -14.5363 5.15551 -0.124815
141 2 92 0.0 -13.3026 5.81952 0.0544557
142 2 92 0.0 -13.312 7.26283 0.243837
143 2 90 0.0 -14.5422 7.95278 0.238004
144 2 90 0.0 -12.0938 7.93047 0.434359
145 2 92 0.0 -10.868 7.25407 0.45286
146 2 92 0.0 -10.8503 5.80729 0.250581
147 2 90 0.0 -12.073 5.14349 0.0576662
148 2 90 0.0 -9.62115 5.11238 0.256306
149 2 92 0.0 -8.41633 5.77649 0.468995
150 2 92 0.0 -8.41883 7.21879 0.692568
151 2 108 0.0 -9.6286 7.91762 0.673683
152 2 90 0.0 -7.17822 7.87961 0.943888
153 2 90 0.0 -6.04184 7.1295 0.958062
154 2 90 0.0 -6.13775 5.70779 0.71067
155 2 461 0.0 -7.24695 5.04386 0.475828
156 2 90 0.0 -4.78949 5.14614 0.797989
157 2 90 0.0 -3.88069 6.19896 1.11611
158 2 81 0.0 -4.60985 7.52141 1.21176
159 2 90 0.0 -2.54507 5.93751 1.30726
160 2 92 0.0 -2.0662 4.60906 1.17411
161 2 92 0.0 -2.97691 3.5505 0.814252
162 2 90 0.0 -4.34936 3.84512 0.636282
163 2 90 0.0 -2.48138 2.22262 0.666797
164 2 90 0.0 -1.15378 1.93812 0.887124
165 2 90 0.0 -0.281984 2.98546 1.28609
166 2 90 0.0 -0.706268 4.28447 1.41629
167 2 82 0.0 1.11974 2.48399 1.50493
168 2 86 0.0 1.52403 1.87255 0.162093
169 2 86 0.0 0.758818 0.682567 -0.190619
170 2 84 0.0 -0.485865 0.551368 0.78133
171 2 86 0.0 2.29675 2.64487 -0.66733
172 2 222 0.0 2.92816 2.22028 -1.936
173 2 90 0.0 3.29557 0.788171 -2.07411
174 2 90 0.0 2.49016 -0.317826 -1.70046
175 2 86 0.0 1.12975 -0.223439 -1.15124
176 2 90 0.0 2.99687 -1.62436 -1.95717
177 2 81 0.0 2.20651 -2.8804 -1.64133
178 2 81 0.0 0.780274 -2.65746 -1.126
179 2 81 0.0 0.264864 -1.3351 -1.69764
180 2 90 0.0 4.54592 0.576288 -2.66911
181 2 90 0.0 5.05959 -0.696489 -2.87037
182 2 90 0.0 4.27436 -1.80322 -2.51684
183 2 81 0.0 4.77849 -3.19847 -2.7351
184 2 90 0.0 6.16082 -3.34642 -3.30352
185 2 90 0.0 6.94604 -2.2432 -3.63619
186 2 81 0.0 6.43625 -0.838719 -3.46163
187 2 90 0.0 8.24815 -2.43554 -4.14188
188 2 90 0.0 8.74923 -3.72725 -4.30891
189 2 90 0.0 7.94791 -4.8442 -3.98848
190 2 90 0.0 6.65868 -4.65248 -3.4892
191 2 81 0.0 5.75995 -5.80487 -3.13548
192 2 90 0.0 6.33017 -7.17337 -3.34105
193 2 90 0.0 7.60752 -7.36325 -3.82746
194 2 81 0.0 8.51382 -6.2247 -4.19564
195 2 90 0.0 8.07963 -8.69462 -3.98538
196 2 461 0.0 7.39518 -9.78513 -3.70377
197 2 92 0.0 6.12453 -9.61493 -3.22081
198 2 92 0.0 5.5463 -8.31999 -3.02266
199 2 90 0.0 4.22197 -8.24184 -2.51935
200 2 90 0.0 3.50959 -9.38781 -2.22862
201 2 90 0.0 4.07336 -10.6783 -2.42065
202 2 90 0.0 5.36516 -10.7708 -2.91045
203 2 81 0.0 10.1453 -3.98178 -4.80643
204 2 90 0.0 10.9716 -2.77683 -5.16138
205 2 90 0.0 10.4561 -1.4846 -5.01187
206 2 81 0.0 9.07224 -1.22535 -4.48416
207 2 90 0.0 11.239 -0.383129 -5.35791
208 2 108 0.0 12.5315 -0.534472 -5.85786
209 2 90 0.0 13.0774 -1.83607 -6.03035
210 2 90 0.0 12.2762 -2.94849 -5.66274
211 2 81 0.0 12.8012 -4.35924 -5.81668
212 2 81 0.0 14.3189 -4.44392 -5.94515
213 2 81 0.0 14.7975 -3.45854 -7.00885
214 2 222 0.0 14.433 -2.03074 -6.62246
215 2 109 0.0 -16.9577 9.34202 0.243406
216 2 109 0.0 -9.5636 9.27152 0.886336
217 2 80 0.0 -1.56787 -0.48769 0.493695
218 2 96 0.0 2.611 3.94432 -0.378759
219 2 223 0.0 3.30553 3.06085 -2.75565
220 2 109 0.0 13.2679 0.559967 -6.20442
221 2 223 0.0 15.2303 -1.11648 -6.80576
222 2 80 0.0 3.2619 -11.9038 -2.09538
223 2 90 0.0 1.04096 1.36998 2.50664
224 2 90 0.0 0.215538 0.317425 2.13722
225 2 108 0.0 0.116183 -0.814144 3.00425
226 2 92 0.0 0.769481 -0.771748 4.26247
227 2 92 0.0 1.56294 0.340693 4.63711
228 2 108 0.0 1.73003 1.41129 3.74043
229 2 173 0.0 2.19068 0.400373 5.94186
230 2 90 0.0 1.94885 -0.691966 6.8926
231 2 90 0.0 1.19643 -1.77177 6.53402
232 2 173 0.0 0.603197 -1.87179 5.1925
233 2 81 0.0 0.931497 -2.90603 7.47188
234 2 86 0.0 1.43626 -2.69997 8.87215
235 2 86 0.0 2.1541 -1.62139 9.23183
236 2 81 0.0 2.54484 -0.547028 8.25566
237 2 81 0.0 2.63044 -1.3993 10.6467
238 2 81 0.0 1.92042 -2.29525 11.6661
239 2 81 0.0 1.86009 -3.73605 11.1512
240 2 81 0.0 1.0692 -3.79713 9.84032
241 2 109 0.0 2.4896 2.47324 4.03868
242 2 109 0.0 -0.582074 -1.90222 2.66167
243 2 223 0.0 2.92277 1.37965 6.27192
244 2 223 0.0 -0.0569463 -2.90874 4.87774
245 2 85 0.0 -0.154879 -3.11408 7.48017
246 2 85 0.0 1.35957 -3.83217 7.04077
247 2 85 0.0 3.64701 -0.487966 8.16359
248 2 85 0.0 2.27423 0.449048 8.6535
249 2 85 0.0 3.72331 -1.56904 10.6886
250 2 85 0.0 2.48796 -0.33599 10.908
251 2 85 0.0 0.893152 -1.92369 11.8193
252 2 85 0.0 2.43251 -2.24586 12.6392
253 2 85 0.0 1.40906 -4.4048 11.9007
254 2 85 0.0 2.88706 -4.09598 10.971
255 2 85 0.0 -0.0165758 -3.73978 10.0471
256 2 85 0.0 1.22077 -4.77308 9.34648
257 2 110 0.0 2.8396 2.27653 4.98125
258 2 110 0.0 -0.506748 -2.52867 3.47957
259 2 85 0.0 -20.4985 6.38151 1.23863
260 2 85 0.0 -21.4458 6.59458 -0.253591
261 2 85 0.0 -19.7774 4.41185 0.00363563
262 2 85 0.0 -19.8168 5.28529 -1.54068
263 2 85 0.0 -19.8432 8.23511 -1.10955
264 2 85 0.0 -19.7827 8.59878 0.629326
265 2 91 0.0 -16.9921 4.07034 -0.439941
266 2 91 0.0 -14.5339 4.07241 -0.268764
267 2 91 0.0 -14.5458 9.03381 0.381958
268 2 91 0.0 -12.1508 9.01537 0.572271
269 2 91 0.0 -12.062 4.06154 -0.0932168
270 2 91 0.0 -7.1709 8.95504 1.12395
271 2 85 0.0 -4.24046 8.24119 0.461748
272 2 85 0.0 -4.47529 7.9933 2.19913
273 2 91 0.0 -1.84176 6.73179 1.56862
274 2 91 0.0 -5.05622 3.05231 0.384881
275 2 91 0.0 -3.19226 1.44604 0.386326
276 2 91 0.0 -0.016742 5.07085 1.73572
277 2 85 0.0 1.81372 3.25553 1.85481
278 2 85 0.0 2.77765 -3.5047 -0.933623
279 2 85 0.0 2.15181 -3.47697 -2.56918
280 2 85 0.0 0.760717 -2.60471 -0.0262771
281 2 85 0.0 0.139501 -3.50078 -1.42522
282 2 85 0.0 -0.795695 -1.18526 -1.51793
283 2 85 0.0 0.400762 -1.35077 -2.79304
284 2 91 0.0 5.12249 1.45437 -2.96569
285 2 85 0.0 4.72342 -3.75108 -1.77887
286 2 85 0.0 4.06019 -3.73665 -3.38297
287 2 85 0.0 6.45703 -0.318662 -4.4375
288 2 85 0.0 7.14619 -0.268093 -2.83556
289 2 85 0.0 5.43978 -5.71406 -2.08073
290 2 85 0.0 4.8162 -5.72385 -3.70682
291 2 85 0.0 8.8175 -6.34147 -5.25329
292 2 85 0.0 9.45999 -6.3241 -3.63126
293 2 91 0.0 9.09584 -8.8443 -4.37202
294 2 91 0.0 3.76102 -7.26593 -2.36087
295 2 91 0.0 2.4906 -9.30724 -1.84326
296 2 91 0.0 5.83815 -11.7407 -3.07443
297 2 85 0.0 10.6771 -4.57804 -4.04049
298 2 85 0.0 10.1028 -4.65883 -5.67986
299 2 85 0.0 8.52762 -0.605664 -5.22101
300 2 85 0.0 9.15289 -0.575195 -3.59301
301 2 91 0.0 10.8297 0.625348 -5.23915
302 2 85 0.0 12.4658 -4.97428 -4.9685
303 2 85 0.0 12.3325 -4.80937 -6.71294
304 2 85 0.0 14.6221 -5.47225 -6.19295
305 2 85 0.0 14.7842 -4.19015 -4.97829
306 2 85 0.0 14.3022 -3.68716 -7.97071
307 2 85 0.0 15.8827 -3.4919 -7.17216
308 2 110 0.0 -17.867 9.68186 0.227083
309 2 110 0.0 -10.4608 9.63965 0.886242
310 2 85 0.0 -1.17759 -1.50304 0.428351
311 2 85 0.0 -2.10773 -0.225274 -0.42483
312 2 85 0.0 -2.28546 -0.467001 1.32417
313 2 97 0.0 1.97088 4.3002 0.258664
314 2 110 0.0 12.7192 1.34861 -6.05615
315 2 85 0.0 3.82985 -12.8221 -2.29555
316 2 85 0.0 2.33701 -11.9309 -2.69352
317 2 85 0.0 2.96038 -11.9063 -1.03565
318 2 91 0.0 -9.60117 4.03429 0.0964872
319 3 81 0.0 0.294674 3.0632 -3.52379
320 3 81 0.0 -0.174439 1.89306 -2.62861
321 3 82 0.0 -1.54632 2.20697 -1.99825
322 3 82 0.0 -1.56858 3.67607 -1.54743
323 3 81 0.0 -1.33668 4.59268 -2.77723
324 3 122 0.0 -0.803147 3.89611 -3.91042
325 3 82 0.0 -0.53314 3.93391 -0.431038
326 3 82 0.0 -0.437814 2.74302 0.56862
327 3 81 0.0 -1.70826 1.91 0.550905
328 3 81 0.0 -1.89608 1.25287 -0.82785
329 3 122 0.0 -0.215295 3.1643 1.92634
330 3 82 0.0 0.716395 4.24946 2.03153
331 3 82 0.0 0.0196367 5.52787 1.54743
332 3 81 0.0 -0.869965 5.2306 0.306721
333 3 86 0.0 0.977465 6.68812 1.40859
334 3 90 0.0 2.40018 6.44263 1.14617
335 3 90 0.0 2.93938 5.15762 1.19418
336 3 82 0.0 2.049 3.9393 1.34321
337 3 92 0.0 4.34516 4.96536 1.0762
338 3 92 0.0 5.20193 6.09883 0.94378
339 3 92 0.0 4.60791 7.3806 0.846626
340 3 90 0.0 3.24402 7.57328 0.921104
341 3 81 0.0 2.61932 8.92972 0.712572
342 3 81 0.0 1.41754 9.14747 1.63463
343 3 87 0.0 0.531236 7.93973 1.66079
344 3 119 0.0 5.38886 8.49991 0.650672
345 3 92 0.0 6.7618 8.40262 0.695472
346 3 92 0.0 7.42576 7.16852 0.784961
347 3 92 0.0 6.62111 5.96587 0.88235
348 3 86 0.0 2.81911 2.81154 1.97373
349 3 82 0.0 4.03336 2.44595 1.15856
350 3 90 0.0 4.94673 3.6682 1.10262
351 3 86 0.0 4.70733 1.16999 1.60105
352 3 86 0.0 4.44394 0.625349 2.80999
353 3 81 0.0 3.39293 1.15224 3.7356
354 3 86 0.0 2.53146 2.22047 3.13629
355 3 81 0.0 5.15634 -0.637209 3.22208
356 3 81 0.0 6.5688 -0.671254 2.64109
357 3 86 0.0 6.54218 -0.386577 1.16004
358 3 86 0.0 5.62898 0.487764 0.673059
359 3 81 0.0 5.51896 0.780084 -0.804885
360 3 82 0.0 6.27849 -0.228875 -1.67003
361 3 81 0.0 7.68099 -0.437828 -1.08802
362 3 81 0.0 7.57534 -1.0605 0.304653
363 3 90 0.0 7.15838 4.68144 0.948171
364 3 90 0.0 6.32087 3.54773 1.05417
365 3 92 0.0 8.84095 7.19925 0.787873
366 3 90 0.0 9.60889 5.97825 0.835125
367 3 144 0.0 8.87804 4.375 0.895096
368 3 90 0.0 10.9802 6.00657 0.825031
369 3 92 0.0 11.6956 7.23344 0.787601
370 3 92 0.0 10.976 8.46688 0.745992
371 3 92 0.0 9.55277 8.44971 0.736283
372 3 92 0.0 11.6961 9.68915 0.691631
373 3 92 0.0 13.1254 9.67981 0.697442
374 3 92 0.0 13.8286 8.42491 0.791257
375 3 90 0.0 13.0874 7.23263 0.794814
376 3 90 0.0 15.2521 8.44521 0.892141
377 3 90 0.0 15.9277 9.64165 0.741413
378 3 92 0.0 15.2813 10.898 0.542951
379 3 92 0.0 13.8582 10.8999 0.592454
380 3 92 0.0 8.82803 9.68796 0.674874
381 3 90 0.0 7.42341 9.61027 0.643714
382 3 92 0.0 10.9761 10.9292 0.635789
383 3 92 0.0 9.55066 10.9428 0.644103
384 3 92 0.0 13.138 12.1388 0.524827
385 3 92 0.0 11.7192 12.1456 0.56858
386 3 92 0.0 15.9967 12.1339 0.334274
387 3 92 0.0 15.2638 13.3585 0.327294
388 3 92 0.0 13.8492 13.3637 0.429977
389 3 119 0.0 17.2972 9.59827 0.889417
390 3 82 0.0 17.9923 8.61215 0.0751747
391 3 82 0.0 17.2578 7.24931 0.0776861
392 3 100 0.0 16.2041 7.29201 1.19311
393 3 81 0.0 18.2447 6.08147 0.192553
394 3 81 0.0 19.4554 6.36366 -0.702528
395 3 82 0.0 20.2984 7.49495 -0.106072
396 3 82 0.0 19.4154 8.55963 0.627319
397 3 81 0.0 20.0833 9.94281 0.543466
398 3 81 0.0 21.6033 9.83637 0.657585
399 3 81 0.0 22.1653 8.99696 -0.522535
400 3 731 0.0 21.1876 8.07133 -1.11574
401 3 90 0.0 8.90133 12.227 0.628946
402 3 90 0.0 9.62714 13.4073 0.616442
403 3 92 0.0 11.044 13.4034 0.548888
404 3 119 0.0 9.03799 14.6494 0.652773
405 3 82 0.0 7.6414 14.6543 1.02339
406 3 82 0.0 6.95893 13.5472 0.238322
407 3 119 0.0 7.52502 12.2851 0.642531
408 3 81 0.0 7.06852 13.749 -1.28796
409 3 81 0.0 7.23008 15.2319 -1.68481
410 3 81 0.0 6.47055 16.1356 -0.7072
411 3 81 0.0 7.07004 16.0386 0.711061
412 3 92 0.0 13.1492 14.6154 0.409849
413 3 90 0.0 11.7571 14.6086 0.480285
414 3 92 0.0 15.9683 14.5883 0.201085
415 3 92 0.0 15.2394 15.8178 0.213036
416 3 90 0.0 13.8769 15.8414 0.31342
417 3 92 0.0 17.3628 14.6137 0.0534787
418 3 90 0.0 18.0697 13.406 -0.018137
419 3 90 0.0 17.3871 12.2099 0.118456
420 3 119 0.0 15.9042 17.0284 0.109368
421 3 92 0.0 17.2766 17.0704 0.0399276
422 3 92 0.0 18.0354 15.8889 -0.0150023
423 3 82 0.0 19.5529 13.3745 -0.281514
424 3 82 0.0 20.2757 14.7148 -0.00543973
425 3 90 0.0 19.4291 15.9571 -0.086375
426 3 82 0.0 21.4997 14.9015 -0.921995
427 3 81 0.0 22.2419 13.5787 -1.06986
428 3 81 0.0 21.3609 12.5761 -1.85642
429 3 81 0.0 19.8577 12.8795 -1.707
430 3 92 0.0 20.0774 17.2015 -0.112942
431 3 92 0.0 19.3115 18.3959 0.00484483
432 3 92 0.0 17.8842 18.339 0.0634431
433 3 90 0.0 22.2755 16.1081 -0.467552
434 3 92 0.0 21.5117 17.2731 -0.179238
435 3 82 0.0 6.27071 0.16797 -3.16019
436 3 80 0.0 7.19673 1.35176 -3.46389
437 3 80 0.0 6.62283 -1.02941 -4.04995
438 3 96 0.0 15.6563 5.98042 1.33633
439 3 90 0.0 17.1402 19.5594 0.169524
440 3 90 0.0 17.7817 20.7639 0.248191
441 3 90 0.0 19.2131 20.8547 0.242713
442 3 92 0.0 19.9759 19.6489 0.114952
443 3 92 0.0 21.3945 19.7067 0.131746
444 3 92 0.0 22.0533 20.9501 0.277765
445 3 92 0.0 21.2829 22.1515 0.401101
446 3 90 0.0 19.8809 22.0762 0.377598
447 3 90 0.0 21.9664 23.3978 0.550265
448 3 90 0.0 23.3348 23.4503 0.578566
449 3 92 0.0 24.1232 22.2657 0.453015
450 3 92 0.0 23.4781 21.0099 0.296675
451 3 92 0.0 24.2554 19.8205 0.154481
452 3 92 0.0 23.5893 18.5721 -0.00468583
453 3 92 0.0 22.1665 18.5108 -0.0104831
454 3 92 0.0 25.6804 19.882 0.154784
455 3 90 0.0 26.29 21.1544 0.337965
456 3 90 0.0 25.5353 22.2997 0.483095
457 3 90 0.0 23.6506 16.1653 -0.418003
458 3 92 0.0 24.3438 17.3747 -0.146463
459 3 90 0.0 26.437 18.6546 0.0151754
460 3 90 0.0 25.7704 17.4245 -0.0670139
461 3 81 0.0 26.5251 16.1138 -0.0713164
462 3 81 0.0 27.8906 16.2359 0.593951
463 3 81 0.0 28.6664 17.3414 -0.102325
464 3 222 0.0 27.9233 18.6706 -0.141883
465 3 223 0.0 28.5787 19.6905 -0.361792
466 3 85 0.0 0.746831 2.70598 -4.45897
467 3 85 0.0 1.04928 3.67877 -2.99323
468 3 85 0.0 -0.253304 0.961554 -3.20915
469 3 85 0.0 0.569228 1.71408 -1.83535
470 3 85 0.0 -2.29806 2.09363 -2.79294
471 3 85 0.0 -2.5669 3.89928 -1.13502
472 3 85 0.0 -0.647509 5.41782 -2.50227
473 3 85 0.0 -2.27971 5.03261 -3.13024
474 3 85 0.0 0.443582 4.06346 -0.923929
475 3 85 0.0 0.406324 2.09062 0.270695
476 3 85 0.0 -2.55966 2.56944 0.784168
477 3 85 0.0 -1.66015 1.15039 1.34413
478 3 85 0.0 -2.93558 0.903695 -0.920564
479 3 85 0.0 -1.25762 0.356349 -0.89282
480 3 85 0.0 0.91666 4.35597 3.10753
481 3 85 0.0 -0.678083 5.80193 2.35242
482 3 85 0.0 -0.835105 6.07918 -0.392626
483 3 85 0.0 -1.91351 5.14761 0.649943
484 3 85 0.0 1.83787 3.61214 0.310059
485 3 85 0.0 3.36489 9.72483 0.839445
486 3 85 0.0 2.26926 8.98079 -0.335329
487 3 85 0.0 0.85342 10.0385 1.3162
488 3 85 0.0 1.76641 9.35966 2.66431
489 3 89 0.0 -0.511223 8.07272 1.96486
490 3 85 0.0 3.67925 2.30971 0.115108
491 3 85 0.0 3.86273 1.52666 4.66858
492 3 85 0.0 2.76632 0.303517 4.07641
493 3 85 0.0 1.63569 2.50277 3.69102
494 3 85 0.0 5.18147 -0.715603 4.32053
495 3 85 0.0 4.57969 -1.50977 2.85491
496 3 85 0.0 7.04968 -1.64405 2.83075
497 3 85 0.0 7.19295 0.0937845 3.14533
498 3 85 0.0 4.45574 0.768838 -1.10348
499 3 85 0.0 5.87616 1.80535 -1.0112
500 3 85 0.0 5.74303 -1.19303 -1.58599
501 3 85 0.0 8.18819 0.538334 -1.01314
502 3 85 0.0 8.29202 -1.07362 -1.74681
503 3 85 0.0 8.54901 -1.02112 0.826141
504 3 85 0.0 7.33463 -2.13816 0.220353
505 3 91 0.0 6.7723 2.55513 1.09654
506 3 91 0.0 11.5525 5.07651 0.854034
507 3 91 0.0 13.601 6.27693 0.765391
508 3 91 0.0 6.81892 10.5032 0.58593
509 3 85 0.0 18.024 9.01463 -0.954636
510 3 85 0.0 16.7133 7.14125 -0.873935
511 3 85 0.0 16.7391 7.55626 2.12878
512 3 85 0.0 18.5708 5.96347 1.24014
513 3 85 0.0 17.7383 5.14919 -0.0872507
514 3 85 0.0 19.1032 6.66755 -1.70486
515 3 85 0.0 20.0858 5.47577 -0.848296
516 3 85 0.0 20.9601 7.05417 0.659102
517 3 85 0.0 19.3363 8.2677 1.68816
518 3 85 0.0 19.8346 10.397 -0.431509
519 3 85 0.0 19.6657 10.6094 1.31006
520 3 85 0.0 21.8605 9.35987 1.61726
521 3 85 0.0 22.0634 10.8374 0.666265
522 3 85 0.0 23.0346 8.41014 -0.179935
523 3 85 0.0 22.5227 9.65629 -1.32767
524 3 740 0.0 20.6277 8.55909 -1.81603
525 3 85 0.0 7.57738 14.426 2.10035
526 3 85 0.0 5.90758 13.4824 0.552741
527 3 85 0.0 7.92846 13.166 -1.64892
528 3 85 0.0 6.16971 13.3209 -1.75576
529 3 85 0.0 6.86939 15.3814 -2.71305
530 3 85 0.0 8.29631 15.5021 -1.66794
531 3 85 0.0 5.41151 15.826 -0.686532
532 3 85 0.0 6.48392 17.1825 -1.04395
533 3 85 0.0 6.30995 16.2872 1.46673
534 3 85 0.0 7.89216 16.7603 0.83447
535 3 91 0.0 11.2141 15.5524 0.476321
536 3 91 0.0 13.3404 16.7908 0.309601
537 3 91 0.0 17.9563 11.2948 0.073564
538 3 85 0.0 19.99 12.6245 0.395725
539 3 85 0.0 20.6642 14.6761 1.03192
540 3 85 0.0 21.1068 15.1752 -1.922
541 3 85 0.0 22.4688 13.19 -0.0624138
542 3 85 0.0 23.2037 13.7143 -1.58479
543 3 85 0.0 21.5617 11.5572 -1.49606
544 3 85 0.0 21.6338 12.5973 -2.92274
545 3 85 0.0 19.2562 11.9824 -1.91779
546 3 85 0.0 19.5348 13.647 -2.42816
547 3 85 0.0 5.23627 0.473709 -3.40121
548 3 85 0.0 7.07529 1.67773 -4.50786
549 3 85 0.0 8.25044 1.06519 -3.323
550 3 85 0.0 6.99248 2.21472 -2.8124
551 3 85 0.0 5.93127 -1.86889 -3.8769
552 3 85 0.0 7.64505 -1.38365 -3.84253
553 3 85 0.0 6.57639 -0.758421 -5.11579
554 3 97 0.0 15.1132 5.98234 2.13952
555 3 91 0.0 16.0519 19.5077 0.194686
556 3 91 0.0 17.2074 21.6881 0.332686
557 3 91 0.0 19.2981 22.9945 0.477123
558 3 91 0.0 21.3707 24.3077 0.644564
559 3 91 0.0 23.8514 24.4045 0.700401
560 3 91 0.0 27.373 21.2121 0.349674
561 3 91 0.0 26.0341 23.2607 0.625743
562 3 91 0.0 24.2171 15.264 -0.636206
563 3 85 0.0 25.9262 15.3513 0.446042
564 3 85 0.0 26.6518 15.7586 -1.11161
565 3 85 0.0 28.4312 15.2783 0.547417
566 3 85 0.0 27.7517 16.4872 1.65821
567 3 85 0.0 28.8507 17.0584 -1.15527
568 3 85 0.0 29.6505 17.5361 0.347184
569 4 83 0.0 0.0 0.0 0.0
570 4 85 0.0 0.0 0.0 1.09
571 4 85 0.0 1.02766 0.0 -0.36333
572 4 85 0.0 -0.51384 0.88998 -0.36333
573 4 85 0.0 -0.51384 -0.88998 -0.36333
